(0,0):(0.0000, 0.0000)
(0,1):(0.0000, 30.0000)
(0,2):(0.0000, 60.0000)
(0,3):(0.0000, 90.0000)
(0,4):(0.0000, 120.0000)
(1,0):(30.0000, 0.0000)
(1,1):(30.0000, 30.0000)
(1,2):(30.0000, 60.0000)
(1,3):(30.0000, 90.0000)
(2,0):(60.0000, 0.0000)
(2,1):(60.0000, 30.0000)
(2,2):(60.0000, 60.0000)
(2,3):(60.0000, 90.0000)
(3,0):(90.0000, 0.0000)
(3,1):(90.0000, 30.0000)
(3,2):(90.0000, 60.0000)
(3,3):(90.0000, 90.0000)
(4,0):(120.0000, 0.0000)
(4,1):(120.0000, 30.0000)
(4,2):(120.0000, 60.0000)
(4,3):(120.0000, 90.0000)
(5,0):(150.0000, 0.0000)
(5,1):(150.0000, 30.0000)
(5,2):(150.0000, 60.0000)
(5,3):(150.0000, 90.0000)
(6,0):(180.0000, 0.0000)
(6,1):(180.0000, 30.0000)
(6,2):(180.0000, 60.0000)
(6,3):(180.0000, 90.0000)
(7,0):(210.0000, 0.0000)
(7,1):(210.0000, 30.0000)
(7,2):(210.0000, 60.0000)
(7,3):(210.0000, 90.0000)
(8,0):(240.0000, 0.0000)
(8,1):(240.0000, 30.0000)
(8,2):(240.0000, 60.0000)
(8,3):(240.0000, 90.0000)
(9,0):(270.0000, 0.0000)
(9,1):(270.0000, 30.0000)
(9,2):(270.0000, 60.0000)
(9,3):(270.0000, 90.0000)
(-1,-1):(-30.0000, -30.0000)
(-1,0):(-30.0000, 0.0000)
(-1,1):(-30.0000, 30.0000)
(-1,2):(-30.0000, 60.0000)
(0,-1):(0.0000, -30.0000)
(0,0):(0.0000, 0.0000)
(0,1):(0.0000, 30.0000)
(0,2):(0.0000, 60.0000)
(1,-1):(30.0000, -30.0000)
(1,0):(30.0000, 0.0000)
(1,1):(30.0000, 30.0000)
(1,2):(30.0000, 60.0000)
(2,-1):(60.0000, -30.0000)
(2,0):(60.0000, 0.0000)
(2,1):(60.0000, 30.0000)
(2,2):(60.0000, 60.0000)
(3,-1):(90.0000, -30.0000)
(3,0):(90.0000, 0.0000)
(3,1):(90.0000, 30.0000)
(3,2):(90.0000, 60.0000)
(4,-1):(120.0000, -30.0000)
(4,0):(120.0000, 0.0000)
(4,1):(120.0000, 30.0000)
(4,2):(120.0000, 60.0000)
(5,-1):(150.0000, -30.0000)
(5,0):(150.0000, 0.0000)
(5,1):(150.0000, 30.0000)
(5,2):(150.0000, 60.0000)
(6,-1):(180.0000, -30.0000)
(6,0):(180.0000, 0.0000)
(6,1):(180.0000, 30.0000)
(6,2):(180.0000, 60.0000)
(7,-1):(210.0000, -30.0000)
(7,0):(210.0000, 0.0000)
(7,1):(210.0000, 30.0000)
(7,2):(210.0000, 60.0000)
(8,-1):(240.0000, -30.0000)
(8,0):(240.0000, 0.0000)
(8,1):(240.0000, 30.0000)
(8,2):(240.0000, 60.0000)
(9,-1):(270.0000, -30.0000)
(9,0):(270.0000, 0.0000)
(9,1):(270.0000, 30.0000)
(9,2):(270.0000, 60.0000)